quarter#PC#Component_&_others#Mobile#Component#IoT#Others
1Q_'16#66#0#17#14#3#0
2Q_'16#65#0#18#14#3#0
3Q_'16#65#0#17#15#3#0
4Q_'16#63#0#20#14#3#0
1Q_'17#62#0#20#15#3#0
2Q_'17#63#0#17#17#3#0
3Q_'17#63#0#15#19#3#0
4Q_'17#63#0#15#19#3#0
1Q_'18#61#0#11#25#3#0
2Q_'18#60#0#15#21#4#0
3Q_'18#62#0#16#18#4#0
4Q_'18#74#0#0#21#0#5
1Q_'19#70#30#0#0#0#0
2Q_'19#70#30#0#0#0#0
3Q_'19#71#29#0#0#0#0
4Q_'19#74#26#0#0#0#0
1Q_'20#62#38#0#0#0#0
