Month#Remain#Leave#Don't_Know
Jan_'20#49#45#6
Dec_'19#52#43#5
Nov_'19#51#45#4
Oct_'19#49#44#7
Sep_'19#46#46#8
Aug_'19#52#41#7
July_'19#48#44#8
Jun_'19#48#44#9
May_'19#52#41#7
Apr_'19#51#42#8
Mar_'19#49#42#9
Feb_'19#50#40#9
Jan_'19#49#41#10
Dec_'18#52#40#8
Nov_'18#49#42#8
Oct_'18#48#41#11
Sep_'18#47#43#10
Aug_'18#49#41#10
Jul_'18#49#43#8
Jun_'18#46#43#10
May_'18#47#43#10
Apr_'18#49#40#11
Mar_'18#49#42#9
Feb_'18#47#44#9
Jan_'18#48#44#9
