Response#Increased#Had_no_impact#Decreased
Access_to_information#57#36#7
Ease_of_communication#57#37#6
Freedom_of_expression#50#37#13
Worsened_personal_privacy#49#39#12
Distractions_during_your_day#47#45#8
Polarization_in_politics#44#47#8
Foreign_meddling_in_politics#43#48#8
Censorship#36#48#16
Accountability_in_government#33#53#14
Transparency_in_government#31#52#17
Your_overall_quality_of_life#31#55#14
Civility_in_culture#29#47#24
Civility_online#29#43#27
