Year#Democrat#Republican#Other_parties
116th_Congress_2019#45#53#2
115th_Congress_2017#46#52#2
114th_Congress_2015#44#54#2
113th_Congress_2013#53#45#2
112th_Congress_2011#51#47#2
111th_Congress_2009#55#41#2
110th_Congress_2007#49#49#2
109th_Congress_2005#44#55#1
108th_Congress_2003#48#51#1
107th_Congress_2001#50#50#0
106th_Congress_1999#45#55#0
105th_Congress_1997#45#55#0
104th_Congress_1995#45#55#0
103d_Congress_1993#57#43#0
102d_Congress_1991#57#43#0
101st_Congress_1989#55#45#0
100th_Congress_1987#55#45#0
99th_Congress_1985#47#53#0
98th_Congress_1983#46#54#0
