Month#Favorable#Unfavorable#No_opinion
May_2012#66#29#5
Mar_2011#66#31#3
Jul_2010#61#35#4
Oct_2009#62#34#3
Aug_2008#54#43#3
Jul_2007#47#48#5
Jul_2006#50#44#7
Jul_2005#53#43#4
Jul_2004#56#38#6
Jun_2003#52#44#4
Sep_2002#47#44#9
Aug_2001#51#44#5
Aug_2000#45#50#5
Jul_1999#62#35#3
Aug_1998#60#35#5
Jun_1997#51#42#7
Jun_1996#46#47#6
Jul_1995#50#44#6
Jul_1994#48#46#6
