Response,Believe_in,Don''t_believe_in,Not_sure
God,80,9,11
Heaven,78,9,14
Miracles,76,8,16
Jesus_is_God_or_the_Son_of_God,74,12,14
Angels,74,10,15
The_resurrection_of_Jesus_Christ,70,13,17
The_Devil,65,17,18
Hell,64,15,21
Survival_of_the_soul_after_death,62,11,26
The_Virgin_birth_(Jesus_born_of_Mary),59,16,25
Ghosts,46,31,23
Darwin’s_theory_of_evolution,43,24,33
Creationism,38,22,39
Astrology,36,38,26
UFOs,31,39,29
Witches,23,56,21
Reincarnation_–_that_you_were_once_another_person,21,46,34
