Response,Acceptable_for_you_and_others,Acceptable_for_others_but_not_you_personally,Not_acceptable_for_anyone,Don't_know_/_refused
2013,47,38,14,1
2012,46,35,16,2
2011,44,38,15,3
2010,45,36,17,2
2009,43,38,17,1
2008,49,35,14,2
2007,52,30,16,3
2006,50,29,18,3
2005,54,27,15,4
2004,54,27,16,3
2003,57,28,16,0
2002,51,28,16,5
