quarter#Apple#Samsung#LG#TCL-Alcatel#ZTE#Lenovo#Others
1Q_'18#37#26#15#0#11#4#7
4Q_'17#43#19#15#0#11#4#8
3Q_'17#32#23#17#0#12#5#11
2Q_'17#28#31#16#5#12#0#8
1Q_'17#32#22#18#7#11#0#10
4Q_'16#37.6#19.5#12.6#7.3#11.3#0#11.7
3Q_'16#31#24.6#13.5#10.5#9.5#0#10.9
2Q_'16#27#29#15#7#11#0#11
1Q_'16#30#27#14#8#9#0#12
4Q_'15#33#23#14#7#8#0#15
3Q_'15#30#25#15#7#0#0#23
2Q_'15#31#24#15#7#0#0#23
1Q_'15#33#26#15#7#6#0#13
