Response#Android#BlackBerry#iOS#Windows#Other
Mar_'20#51.2#0#48.7#0#0.2
Feb_'20#47.7#0#52#0.1#0.1
Jan_'20#46.4#0#53.4#0.1#0.1
Dec_'19#47.3#0#52.5#0.2#0.1
Nov_'19#51.6#0#48.1#0.2#0.1
Oct_'19#57.3#0#41.8#0.5#0.4
Sept_'19#59#0#39.9#0.7#0.4
Aug_'19#63.8#0#35#0.6#0.6
Jul_'19#61.7#0#37.5#0.5#0.3
Jun_'19#60.5#0#38.8#0.3#0.4
May_'19#56.4#0#43.2#0.3#0.1
Apr_'19#58.7#0#41#0.2#0.1
Mar_'19#56.4#0#43.4#0.2#0
Feb_'19#57.9#0#41.9#0.1#0.1
Jan_'19#54.6#0#44.9#0#0.5
Dec_'18#52.8#0#46.4#0#0.8
Nov_'18#57.1#0#41.9#0#1
Oct_'18#60.8#0#38.4#0#0.8
Sep_'18#70.6#0#28.2#0#1.2
Aug_'18#67.7#0#30.7#0#1.6
Jul_'18#60.8#0#37.6#0#1.6
Jun_'18#55.8#0.2#42.9#0.1#1
May_'18#51.6#0.1#47.5#0.1#0.7
Apr_'18#55.7#0.1#43.9#0.1#0.2
Mar_'18#54.8#0#44.8#0.1#0.3
Feb_'18#52.8#0#47#0.1#0.1
Jan_'18#48.7#0#51.1#0.1#0.1
Dec_'17#44.8#0#55.2#0#0
Nov_'17#48.4#0#51.5#0#0.1
Oct_'17#55#0#44.8#0.1#0.1
Sept_'17#66.5#0.3#33#0.1#0.1
Aug_'17#67.4#0.3#31.8#0.4#0.1
Jul_'17#61.4#0.3#37.9#0.3#0.2
Jun_'17#55#0#44.6#0.3#0.2
May_'17#50.9#0#48.4#0#0.6
Apr_'17#55.9#0#43.5#0#0.5
Mar_'17#53.1#0#45.1#1.2#0.5
Feb_'17#53.9#0#44.8#1.3#0
Jan_'17#49#0#49.5#1.5#0
Dec_'16#44.8#0.3#54.7#0.2#0
Nov_'16#42.3#0.3#57#0.4#0
Oct_'16#47.5#0#51.7#0.2#0.3
Sep_'16#61.7#0#37.4#0.5#0.3
Aug_'16#66.7#0#31.9#0.6#0.8
Jul_'16#64.6#0#34.1#0.6#0.6
Jun_'16#61#0.2#38#0.3#0.6
May_'16#58.8#0.2#40.6#0.1#0.3
Apr_'16#55.7#0.3#43.2#0.1#0.7
Mar_'16#51.7#0.1#46.8#0.5#0.9
Feb_'16#48.2#0.1#50.2#0.5#0.9
Jan_'16#48.7#0#50.3#0.5#0.5
Dec_'15#44.4#1.2#54.1#0#0.3
Nov_'15#44.7#1.2#53.7#0.3#0.2
Oct_'15#47.7#0#50.3#0.4#1.6
Sep_'15#60.7#0#38.3#0.5#0.5
Aug_'15#64.5#0.9#33.8#0.3#0.5
Jul_'15#62.9#0.9#35.1#0.1#0.9
Jun_'15#54.4#0.9#42.2#0#2.5
May_'15#52.6#0.1#44.6#0.1#2.6
Apr_'15#51.6#0#45.6#0.2#2.6
Mar_'15#52.3#0.7#45.1#0.4#1.4
Feb_'15#47.9#0.7#49.8#0.3#1.3
Jan_'15#45.4#0.7#52.4#0.2#1.3
Dec_'14#38.3#0.1#60.2#0#1.4
Nov_'14#42.4#0.2#53.8#0.4#0.2
Oct_'14#48.1#0.6#48#0.5#2.8
Sep_'14#64.5#0.5#31.3#0.9#2.7
Aug_'14#70.2#0.5#27.1#0.9#1.4
Jul_'14#69.3#0#28.8#1.1#0.8
Jun_'14#58.8#0#39.5#0.9#0.8
May_'14#47#0#51.7#1.4#0
Apr_'14#43.6#9#58.4#1#0
Mar_'14#41.5#0#57.6#0.9#0
Feb_'14#44.8#0#54.9#0.2#0.1
Jan_'14#39.6#0#59.7#0#0.7
Dec_'13#30.5#0#68.7#0#0.8
Nov_'13#30#0.1#69.1#0#0.8
Oct_'13#36.2#0.3#61.1#0.4#1.9
Sep_'13#50#0.4#47.2#0.7#1.7
Aug_'13#52.3#0.3#44.5#0.7#2.3
Jul_'13#50#0#49.1#0.2#0.8
Jun_'13#44.6#0#53.7#0.3#1.5
May_'13#46.5#0.7#49.6#0.5#2.6
Apr_'13#44.4#0.8#49.8#0.6#4.4
Mar_'13#46#0.7#49#0.3#3.9
Feb_'13#43.6#0#52.9#0.4#3.1
Jan_'13#41.9#0.4#56#0.6#1.1
