state_of_India#Red_zone#Orange_zone#Yellow_zone#Green_zone
Delhi#27.27#72.73#0#0
Andhra_Pradesh#15.38#53.85#15.38#15.38
Maharashtra#8.33#16.67#55.56#19.44
Kerala#7.14#14.29#78.57#0
Tamil_Nadu#6.25#46.88#37.5#9.38
Gujarat#6.06#9.09#54.55#30.3
Rajasthan#6.06#21.21#48.48#24.24
West_Bengal#4.35#13.04#43.48#39.13
Madhya_Pradesh#3.92#5.88#41.18#49.02
Telangana#3.23#22.58#64.52#9.68
Uttar_Pradesh#1.33#10.67#49.33#38.67
Himachal_Pradesh#0#0#50#50
Jharkhand#0#0#25#75
Haryana#0#18.18#63.64#18.18
Uttarakhand#0#0#46.15#53.85
Manipur#0#0#6.25#93.75
Punjab#0#13.64#68.18#18.18
Puducherry#0#0#50#50
Andaman_and_Nicobar_islands#0#0#66.67#33.33
Chandigarh#0#100#0#0
Nagaland#0#0#9.09#90.91
Odisha#0#3.33#26.67#70
Lakshadweep#0#0#0#100
Tripura#0#0#12.5#87.5
Karnataka#0#10#56.67#33.33
Meghalaya#0#0#9.09#90.91
Mizoram#0#0#12.5#87.5
Dadra_and_Nagar_Haveli__and_Daman_and_Diu#0#0#33.33#66.67
Bihar#0#2.63#28.95#68.42
Goa#0#0#100#0
Sikkim#0#0#0#100
Arunachal_Pradesh#0#0#5#95
Jammu_and_Kashmir#0#20#55#25
Assam#0#0#36.36#63.64
Chattisgarh#0#3.7#14.81#81.48
