Country#Have_paid_for_additional_tutoring#Have_not_paid,_but_would_consider_paying#Have_not_paid,_would_not_consider_paying
China#74#19#7
India#71#18#11
Indonesia#71#21#8
Malaysia#63#26#11
Taiwan#59#19#22
Singapore#59#27#14
Turkey#57#20#23
Hong_Kong#56#22#22
United_Arab_Emirates#51#23#26
Brazil#35#35#30
Mexico#26#49#25
United_States#26#43#31
United_Kingdom#23#42#35
Canada#23#44#33
Australia#21#50#29
France#20#49#31
