Response#Addition_(not_replacing_existing_technology)#Replacement_of_existing_of_existing_technology#Upgrade_of_existing_technology
IoT_devices#63#8#29
Mobile_apps#54#19#28
Cloud_computing#53#31#17
Data_&_analytics#52#17#32
IT_services#46#29#25
Security#42#30#28
Web_apps#40#27#33
Servers/storage#39#30#31
Enterprise_software_(SaaS)#35#39#26
Networking#33#32#35
Enterprise_software_(non-SaaS)#32#43#26
Desktops/laptops#29#42#29
Telecom#16#47#36
