Response#United_Russia#KPRF_Communist_Party_of_the_Russian_Federation#LDPR_Liberal-Democratic_Party_of_Russia#A_Just_Russia#Another_party#I_would_spoil_the_ballot#I_would_not_go_to_elections#Difficult_to_answer
Oct_25_2020#31#13#11#6#16#1#6#16
Sep_27_2020#31#13#11#6#17#1#5#16
Aug_30_2020#31#12#10#5#15#1#7#19
Jul_26_2020#31#13#13#6#12#1#4#20
Jun_28_2020#35#12#11#6#11#1#4#20
May_31_2020#31#11#10#4#14#1#8#20
Apr_26_2020#33#13#10#5#14#1#5#19
Mar_29_2020#37#12#9#4#14#0#5#19
Feb_23_2020#32#11#11#5#9#2#10#20
Jan_26_2020#32#11#12#5#9#2#10#19
Dec_22_2019#34#12#12#4#8#1#13#15
Nov_24._2019#33#12#12#4#9#1#12#15
Oct_27_2019#31#13#12#4#9#2#13#16
Sep_29_2019#31#13#13#4#8#2#14#16
Aug_25_2019#32#12#13#4#9#2#12#15
Jul_28_2019#33#12#12#4#8#1#13#15
Jun_30_2019#33#11#13#5#8#2#12#16
May_26_2019#35#13#12#4#7#2#12#16
Apr_28_2019#35#12#12#4#8#2#12#17
Mar_31_2019#32#13#12#3#9#2#12#16
Feb_24_2019#33#13#11#4#7#2#13#16
Jan_27_2019#32#12#11#3#7#1#14#19
