Response#Less_likely#Neither_more_nor_less_likely#Don't_know/no_opinion#More_likely
Use_public_transport#38#42#12#8
Go_to_an_amusement_park#35#45#11#9
Go_to_a_concert#34#47#10#8
Go_to_a_political_rally#34#45#16#5
Go_to_sporting_events#33#46#13#8
Go_to_a_theater_performance#31#50#12#8
Take_a_vacation#31#47#10#12
Go_to_the_gym#30#47#14#9
Use_a_ride-hailing_service#30#47#15#8
Go_to_a_museum#29#52#11#8
Go_to_a_movie_theater#29#50#10#11
Go_to_a_shopping_mall#27#52#8#13
Go_to_a_party_or_social_event#26#53#10#10
Go_to_a_work_conference#25#48#20#6
Go_to_a_religious_gathering_or_meeting#24#51#13#12
Invest_in_the_stock_market#24#46#19#11
Go_out_to_eat_in_a_restaurant_or_cafe#19#57#8#17
Vote_in_a_political_election#13#51#11#24
Go_to_the_grocery_store#11#63#6#20
