Year#Release_fees_for_national_team_players#Retail#Conference,_catering,_miscellaneous#Transfers#TV_marketing_(Media_rights)#Advertising#Match_operations
2019/20#0#0#4.07#27.99#38.41#22.18#7.35
2018/19#0#0#3.81#26.95#37.52#21.71#10.01
2017/18#0#0#2.75#45#24.71#18.99#8.55
2016/17#0#0#5.17#21.93#35.66#24.78#12.46
2015/16#0#0#4.72#29.29#25.46#26.11#14.42
2014/15#0#0#9.77#5.34#35.25#32.5#17.14
2013/14#2.1#8.78#0#1.99#36.39#32.63#18.11
2012/13#1.19#5.84#0#18.94#32.16#25.43#16.44
2011/12#0#8.1#0#13.66#31.59#30.23#16.42
2010/11#0#10.1#0#9.5#23.5#36.6#20.3
2009/10#0#12.5#0#4.8#20.9#38.6#23.2
2008/09#0#11.76#0#10.69#20.78#36.23#20.54
